0	AND	0,0,0	#2	#4
1	MVN	1,0,0	#4	None
1	AND	1,0,1	1,0,0	#3
-2	iconmv	0,0,0	00,10,00,00,	True
1	ORR	1,0,2	0,0,0	1,0,1
1	ADD	1,0,3	#1	1,0,2
2	ADD	2,0,0	#5	#7
-2	iconmv	1,0,3	00,00,10,00,	True
2	ADD	2,0,1	1,0,3	2,0,0
2	LSL	2,0,2	2,0,1	#6
3	AND	3,0,0	#2	#4
0	MVN	0,0,1	#4	None
0	AND	0,0,2	0,0,1	#3
-2	iconmv	3,0,0	10,00,00,00,	True
0	ORR	0,0,3	3,0,0	0,0,2
0	ADD	0,0,4	#1	0,0,3
1	ADD	1,0,4	#5	#7
-2	iconmv	0,0,4	00,10,00,00,	True
1	ADD	1,0,5	0,0,4	1,0,4
2	SUB	2,0,3	#8	#6
-2	iconmv	1,0,5	00,00,10,00,	True
2	LSR	2,0,4	1,0,5	2,0,3
2	ORR	2,0,5	2,0,2	2,0,4
